image: /home/cansu/sunum_map.png
resolution: 0.050000
origin: [-4.909777, -9.604652, 0.000000]
negate: 0
occupied_thresh: 0.65
free_thresh: 0.196

